Donor:	V2R-Rluc	
Acceptor:	V2R-Venus	
Fluorescence	Luminescence	BRET ratio
0.06368622	0.9950852	0.004649125
0.09178913	1.156665	0.01278036
0.1483064	1.142708	0.01665924
0.1520876	1.15389	0.01627124
0.2733774	0.9011248	0.04223802
0.3265963	0.9920883	0.03584806
0.6279457	1.430174	0.05717136
0.5920537	1.328818	0.05702731
0.4978228	0.95923	0.06039683
0.503361	0.881734	0.06625997
1.088487	1.492318	0.1015318
0.8973413	1.156255	0.1102289
1.011774	1.138217	0.1051132
1.040292	1.092587	0.1099407
0.9597079	0.9074134	0.1149066
0.9882264	0.8617827	0.1079227
1.435612	0.9536792	0.1661549
1.70507	0.9974679	0.1772263
2.023393	0.7067604	0.24954
2.587869	0.7941935	0.253792
2.424255	0.731288	0.2224888
1.775692	0.5096897	0.2323287
3.137587	0.7469881	0.2692104
3.23399	0.7350153	0.2762125
3.509995	0.7064403	0.2892092
3.578361	0.6694702	0.3190544
3.847836	0.7066361	0.290794
3.04179	0.5502011	0.298816
2.81207	0.5060835	0.3003636
3.286023	0.5881672	0.2980825
2.781362	0.4857442	0.3232375
3.262839	0.4861759	0.3075057
3.899203	0.4850762	0.351287
4.024632	0.4801474	0.3435222
4.673475	0.3951211	0.3550335
5.431359	0.4000921	0.3662038
		
Donor:	V2R-Rluc	
Acceptor:	AT1R-Venus	
Fluorescence	Luminescence	BRET ratio
0.1702674	1.750809	0.006377224
0.1758506	1.550596	0.005409483
0.1696609	1.215247	0.007355138
0.2163426	1.377488	0.006489909
0.2911835	1.719739	0.008614699
0.2924024	1.666271	0.00569244
0.2873499	1.164229	0.01174232
0.2818792	1.085576	0.01152543
0.4191057	1.293491	0.01415283
0.4971056	1.480142	0.01724496
0.5744739	1.084552	0.0296836
0.6699281	1.090955	0.02400094
0.6859429	1.024631	0.0252755
0.739264	1.045006	0.03301439
0.7669673	0.7642985	0.03185404
0.9709619	0.9477001	0.03542865
1.026239	0.9497922	0.03685374
1.212044	1.108505	0.03672433
1.248691	1.088168	0.03573633
0.9541415	0.7282789	0.04154154
0.8284402	0.6068733	0.04384111
1.386776	0.9729355	0.03878956
1.034612	0.7191004	0.05130665
1.546463	1.050972	0.03958134
1.052451	0.6935983	0.04388772
1.097061	0.722953	0.04053213
1.039202	0.6663713	0.04530323
1.013145	0.5930769	0.04491104
1.624912	0.8262833	0.04154189
1.454238	0.7191616	0.03927513
1.204465	0.5118189	0.05329436
1.218145	0.5076438	0.04430069
1.218968	0.5034711	0.04915708
1.237533	0.471309	0.04943369
1.186616	0.3317513	0.05363743
1.296192	0.303537	0.05295902
		
Donor:	V2R-Rluc	
Acceptor:	b2AdR-Venus	
Fluorescence	Luminescence	BRET ratio
0.3478863	1.520724	0.01231834
0.3734596	1.499619	0.01631524
0.5653952	1.664697	0.0198769
0.5504807	1.42804	0.01870468
0.473601	1.204259	0.01702801
0.4301822	1.086646	0.01977135
0.4810563	1.032524	0.02954152
0.9144014	1.374506	0.03320022
0.6062189	0.8648199	0.02718298
0.8936027	1.247722	0.02947618
1.006866	1.059386	0.04577038
1.092036	0.9509609	0.04326523
1.547141	0.9171406	0.05109105
1.373154	0.7650234	0.05128392
1.699644	0.9112464	0.05065221
1.410023	0.7260137	0.0500021
1.268354	0.4343094	0.06598197
2.154114	0.7220445	0.06038281
2.114665	0.662883	0.0659923
1.873603	0.5336394	0.07132096
2.035758	0.5686938	0.06925371
2.21721	0.554886	0.06767017
2.190715	0.5281959	0.07316539
2.08712	0.5030061	0.07113994
2.046127	0.4411086	0.07330385
2.390475	0.4774795	0.06320281
2.76633	0.5430093	0.06481884
2.092499	0.3878729	0.06814715
2.396929	0.4154287	0.06617763
2.533065	0.407232	0.06685142
2.562304	0.3834465	0.06346564
2.73367	0.389722	0.07629006
2.639992	0.309915	0.06903315
3.137784	0.3479432	0.08163547
2.681652	0.2640262	0.06735829
3.404406	0.3249488	0.07891281
		
Donor:	V2R-Rluc	
Acceptor:	CB1R-Venus	
Fluorescence	Luminescence	BRET ratio
0.03771761	1.033356	0.006338934
0.0689867	0.9626364	0.004829465
0.07498011	0.7752491	0.002129468
0.1118635	1.128985	0.003875851
0.1041944	1.03516	0.006926353
0.1097315	0.8686255	0.008766805
0.1442139	0.921294	0.007870697
0.1573105	0.9002351	0.008924192
0.1718887	0.905417	0.01249177
0.1920289	0.9220157	0.009153766
0.3007521	0.7339136	0.02292084
0.3194129	0.7468845	0.01337532
0.3251612	0.7542508	0.01606032
0.3278898	0.7322322	0.01794222
0.3987909	0.6567757	0.02032847
0.5213649	0.709588	0.02526439
0.3730998	0.4925455	0.02275742
0.4658344	0.5783212	0.03039761
0.4095378	0.4524316	0.02770883
0.5181243	0.5416197	0.03164406
0.6087505	0.605449	0.0347602
0.6204477	0.5397964	0.02847184
0.5804033	0.4870854	0.03117743
0.5376092	0.439236	0.03318189
0.6812196	0.555668	0.03992146
0.5986075	0.448275	0.03902898
0.6484197	0.4729614	0.0397065
0.7351122	0.5257394	0.03515177
0.7582015	0.4856423	0.04472365
0.7064199	0.4481982	0.02895118
0.7253139	0.4434544	0.03899986
0.8216215	0.4283123	0.03345624
0.8285815	0.4186437	0.03514271
0.7785776	0.3412954	0.04488714
		
Donor:	V2R-Rluc	
Acceptor:	cVenus	
Fluorescence	Luminescence	BRET ratio
0.02645208	0.8083121	-0.000880206
0.02978787	0.817598	0.000109356
0.09087557	0.8618867	-0.001959605
0.0975666	0.7752323	-0.002431055
0.1434576	0.7943277	0.001537235
0.1536774	0.7684801	0.001202861
0.1539474	0.5744178	0.00035781
0.1989527	0.6775132	0.002351211
0.5112367	0.9108772	0.002577951
0.4585436	0.816947	0.001108774
0.3784007	0.6374903	0.003289771
0.3891665	0.5679184	0.004042625
0.7325375	0.9488063	0.008271825
0.653927	0.5887645	-0.00399245
0.5501927	0.4409163	0.00424864
0.9081162	0.6713434	0.003194388
1.121369	0.7469985	0.006050437
1.346575	0.8061709	0.005352319
0.7944029	0.3663676	0.002126567
0.9501765	0.3841655	0.01046164
2.228106	0.8559668	0.009928464
2.177144	0.7433372	0.007088319
1.959803	0.3733482	0.009238653
1.591594	0.2894627	0.02224292
4.513267	0.5782335	0.02095942
4.66764	0.5229272	0.01473268
6.595735	0.4690921	0.03310989
5.58773	0.3760214	0.0331206
8.641501	0.5771158	0.03379897
5.654266	0.3549625	0.04014678
8.059492	0.3681571	0.02866282
7.178815	0.2743142	0.04111091
7.309479	0.2661348	0.04885002
7.104696	0.2322471	0.05675255
5.573567	0.1670505	0.04889173
8.339306	0.2017332	0.05005962
